function res=opt_boundary(X0,X1,~)
    res=[X0(1)-0;X0(2)-0;X0(3)-0;X0(4)-0;X1(2)-393*1000;X1(3)-7.9*1000;X1(4)-0];
end